25024390.0000000000
23194832.0000000000
21313080.0000000000
19622742.0000000000
17871926.0000000000
16184857.0000000000
14904218.0000000000
13968011.0000000000
13263806.0000000000
12716542.0000000000
12276838.0000000000
11946947.0000000000
11689617.0000000000
11475297.0000000000
11297448.0000000000
11149402.0000000000
11023696.0000000000
10917253.0000000000
10825622.0000000000
10746624.0000000000
10679212.0000000000
10619692.0000000000
10566694.0000000000
10520093.0000000000
10478796.0000000000
10441363.0000000000
10408385.0000000000
10378970.0000000000
10351428.0000000000
10325378.0000000000
10304259.0000000000
10282803.0000000000
