25347328.0000000000
22822274.0000000000
20389776.0000000000
18045578.0000000000
15783056.0000000000
14281339.0000000000
13276492.0000000000
12563935.0000000000
12042523.0000000000
11645458.0000000000
11332510.0000000000
11086605.0000000000
10885640.0000000000
10721457.0000000000
10583290.0000000000
10466435.0000000000
10370444.0000000000
10286487.0000000000
10217300.0000000000
10152240.0000000000
10097416.0000000000
10052685.0000000000
10014614.0000000000
9976418.0000000000
9943638.0000000000
9917345.0000000000
9891764.0000000000
9864144.0000000000
9844904.0000000000
