138326816.0000000000
135702176.0000000000
132763568.0000000000
129972504.0000000000
127259352.0000000000
124426048.0000000000
121918064.0000000000
119229000.0000000000
116576928.0000000000
114064896.0000000000
111460792.0000000000
109020208.0000000000
106862320.0000000000
105052096.0000000000
103439840.0000000000
102003640.0000000000
100788592.0000000000
99763816.0000000000
98766792.0000000000
97852792.0000000000
96998488.0000000000
96194728.0000000000
95480240.0000000000
94770056.0000000000
94107616.0000000000
93539616.0000000000
92941280.0000000000
92431240.0000000000
91933248.0000000000
91474608.0000000000
91109552.0000000000
90717648.0000000000
90359936.0000000000
90028192.0000000000
89752976.0000000000
89491280.0000000000
89250432.0000000000
89076960.0000000000
88851528.0000000000
88694368.0000000000
