0.0015533202
0.0015027181
0.0015076714
0.0014754839
0.0014456267
0.0014198320
0.0013889456
0.0013601599
0.0013307793
0.0013006466
0.0012703892
0.0012038407
0.0010800489
0.0009668982
0.0008705282
0.0007687334
0.0006653932
0.0005862460
0.0005231227
0.0004748293
0.0004369652
0.0004081659
0.0003842064
0.0003620522
0.0003418596
0.0003236173
0.0003065723
0.0002908613
0.0002746031
0.0002570783
0.0002386391
0.0002205190
0.0002036043
0.0001877972
0.0001738464
0.0001604330
0.0001481688
0.0001369947
0.0001264479
0.0001169865
